#site	chr	start	end
1	1	1	249250621
2	2	1	243199373
3	3	1	198022430
4	4	1	191154276
5	5	1	180915260
6	6	1	171115067
7	7	1	159138663
8	8	1	146364022
9	9	1	141213431
10	10	1	135534747
11	11	1	135006516
12	12	1	133851895
13	13	1	115169878
14	14	1	107349540
15	15	1	102531392
16	16	1	90354753
17	17	1	81195210
18	18	1	78077248
19	19	1	59128983
20	20	1	63025520
21	21	1	48129895
22	22	1	51304566
X	X	1	155270560
Y	Y	1	59373566
MT	MT	1	16569
X_PAR1	X	60001	2699520
X_PAR2	X	154931044	155260560
Y_PAR1	Y	10001	2649520
Y_PAR2	Y	59034050	59363566
